imagenes/aguila.jpg:
0.000840
0.000835
0.000840
0.000848
0.000852
0.000842
0.000848
0.000837
0.000844
0.000873
0.000892
0.000846
0.000847
0.000843
0.000838
0.000837
0.000841
0.000860
0.000842
0.000843
imagenes/shadow.jpg:
0.000280
0.000278
0.000277
0.000270
0.000276
0.000279
0.000287
0.000283
0.000284
0.000283
0.000279
0.000282
0.000278
0.000278
0.000277
0.000268
0.000284
0.000276
0.000280
0.000291
imagenes/montanna.jpg:
0.006611
0.006815
0.006921
0.006739
0.006692
0.006464
0.006512
0.006861
0.006703
0.006940
0.006742
0.006665
0.007349
0.006912
0.006903
0.007093
0.006970
0.006848
0.006704
0.006950
imagenes/mago.jpg:
0.000291
0.000283
0.000280
0.000281
0.000283
0.000286
0.000279
0.000282
0.000281
0.000281
0.000282
0.000295
0.000287
0.000285
0.000275
0.000273
0.000287
0.000285
0.000290
0.000288
imagenes/lenna.png:
0.000140
0.000144
0.000138
0.000143
0.000137
0.000139
0.000137
0.000138
0.000139
0.000132
0.000138
0.000136
0.000137
0.000137
0.000139
0.000143
0.000138
0.000142
0.000141
0.000143
imagenes/kafra.jpg:
0.000288
0.000293
0.000288
0.000281
0.000279
0.000274
0.000294
0.000274
0.000287
0.000283
0.000286
0.000287
0.000280
0.000279
0.000290
0.000281
0.000286
0.000282
0.000281
0.000292
imagenes/gatos.jpg:
0.000576
0.000570
0.000581
0.000583
0.000578
0.000590
0.000589
0.000594
0.000601
0.000579
0.000570
0.000585
0.000605
0.000579
0.000581
0.000567
0.000585
0.000608
0.000588
0.000581
imagenes/elefante.jpg:
0.000871
0.000846
0.000856
0.000858
0.000839
0.000866
0.000847
0.000836
0.000850
0.000833
0.000877
0.000853
0.000842
0.000837
0.000838
0.000836
0.000841
0.000839
0.000882
0.000876
imagenes/ciudad.jpg:
0.000727
0.000731
0.000736
0.000737
0.000758
0.000764
0.000726
0.000740
0.000734
0.000728
0.000728
0.000735
0.000741
0.000737
0.000774
0.000728
0.000749
0.000733
0.000749
0.000736
imagenes/chica.jpg:
0.001749
0.001476
0.001756
0.001510
0.001484
0.001760
0.001503
0.001490
0.001485
0.001792
0.001745
0.001526
0.001543
0.001494
0.001756
0.001516
0.001508
0.001744
0.001754
0.001517
