imagenes/aguila.jpg:
0.000913
0.000915
0.000919
0.000923
0.000922
0.000892
0.000880
0.000934
0.000924
0.000919
0.000918
0.000918
0.000926
0.000919
0.000923
0.000926
0.000923
0.000918
0.000913
0.000903
imagenes/shadow.jpg:
0.000300
0.000293
0.000292
0.000314
0.000302
0.000293
0.000299
0.000303
0.000310
0.000303
0.000299
0.000291
0.000303
0.000293
0.000294
0.000311
0.000301
0.000295
0.000309
0.000300
imagenes/montanna.jpg:
0.007645
0.007596
0.007233
0.007350
0.007131
0.007264
0.007319
0.007326
0.007557
0.007440
0.007414
0.007218
0.007435
0.007396
0.007893
0.007573
0.007227
0.007681
0.007143
0.007540
imagenes/mago.jpg:
0.000299
0.000306
0.000312
0.000306
0.000299
0.000309
0.000311
0.000322
0.000295
0.000304
0.000305
0.000299
0.000297
0.000297
0.000315
0.000310
0.000304
0.000302
0.000306
0.000312
imagenes/lenna.png:
0.000153
0.000154
0.000152
0.000153
0.000153
0.000152
0.000144
0.000151
0.000153
0.000153
0.000154
0.000154
0.000152
0.000154
0.000156
0.000145
0.000154
0.000154
0.000154
0.000154
imagenes/kafra.jpg:
0.000304
0.000298
0.000310
0.000308
0.000305
0.000305
0.000309
0.000309
0.000305
0.000305
0.000305
0.000314
0.000297
0.000301
0.000308
0.000306
0.000299
0.000306
0.000307
0.000296
imagenes/gatos.jpg:
0.000622
0.000616
0.000617
0.000622
0.000619
0.000619
0.000632
0.000627
0.000620
0.000629
0.000626
0.000619
0.000616
0.000615
0.000612
0.000627
0.000628
0.000606
0.000626
0.000625
imagenes/elefante.jpg:
0.000911
0.000916
0.000907
0.000878
0.000935
0.000890
0.000922
0.000922
0.000912
0.000910
0.000934
0.000906
0.000921
0.000905
0.000922
0.000929
0.000924
0.000929
0.000918
0.000896
imagenes/ciudad.jpg:
0.000793
0.000803
0.000795
0.000793
0.000802
0.000802
0.000813
0.000805
0.000804
0.000767
0.000794
0.000805
0.000803
0.000793
0.000791
0.000799
0.000782
0.000794
0.000812
0.000821
imagenes/chica.jpg:
0.001648
0.001628
0.001631
0.001622
0.001652
0.001648
0.001621
0.001589
0.001628
0.001647
0.001619
0.001620
0.001912
0.001865
0.001642
0.001625
0.001629
0.001621
0.001631
0.001644
