imagenes/aguila.jpg:
0.009115
0.009081
0.009092
0.009108
0.009092
0.009087
0.009094
0.009096
0.010326
0.010320
0.010332
0.010304
0.010307
0.010305
0.010309
0.010316
0.010336
0.010304
0.010299
0.010313
imagenes/shadow.jpg:
0.003188
0.003171
0.003182
0.003182
0.003182
0.003179
0.003184
0.003178
0.003178
0.003184
0.003176
0.003172
0.003185
0.003176
0.003191
0.003181
0.003182
0.003177
0.003167
0.003180
imagenes/montanna.jpg:
0.224882
0.225227
0.198264
0.198169
0.198437
0.198200
0.198320
0.224842
0.225414
0.225301
0.224824
0.198123
0.198153
0.199948
0.198116
0.208948
0.224996
0.225427
0.225309
0.225029
imagenes/mago.jpg:
0.002640
0.002628
0.002643
0.002643
0.002642
0.002642
0.002631
0.002638
0.002629
0.002636
0.002631
0.002646
0.002628
0.002624
0.002630
0.002633
0.002640
0.002635
0.002627
0.002637
imagenes/lenna.png:
0.001736
0.001740
0.001735
0.001741
0.001734
0.001731
0.001738
0.001735
0.001741
0.001734
0.001737
0.001734
0.001737
0.001730
0.001742
0.001738
0.001738
0.001737
0.001731
0.001744
imagenes/kafra.jpg:
0.002219
0.002208
0.002207
0.002282
0.002209
0.002212
0.002212
0.002211
0.002216
0.002218
0.002209
0.002216
0.002201
0.002230
0.002221
0.002215
0.002216
0.002215
0.002214
0.002214
imagenes/gatos.jpg:
0.005404
0.005382
0.005405
0.005404
0.005402
0.005402
0.005403
0.005404
0.005408
0.005409
0.005402
0.005400
0.005393
0.005406
0.005603
0.006130
0.006130
0.006124
0.006197
0.006137
imagenes/elefante.jpg:
0.009066
0.009074
0.009067
0.009068
0.009069
0.009065
0.009091
0.009063
0.009086
0.009084
0.009085
0.009073
0.009099
0.009072
0.009073
0.009064
0.009060
0.009073
0.009063
0.009072
imagenes/ciudad.jpg:
0.009273
0.009260
0.009250
0.009261
0.009263
0.009258
0.009283
0.009265
0.009246
0.009261
0.009300
0.009256
0.009248
0.009265
0.009262
0.009245
0.009253
0.009259
0.009267
0.009255
imagenes/chica.jpg:
0.022201
0.021981
0.021955
0.021932
0.021996
0.022240
0.021979
0.021986
0.022208
0.021968
0.021967
0.022244
0.021964
0.022223
0.022246
0.021985
0.021957
0.021942
0.022023
0.021974
