imagenes/aguila.jpg:
0.001262
0.001291
0.001248
0.001284
0.001285
0.001247
0.001245
0.001300
0.001247
0.001287
0.001243
0.001246
0.001245
0.001288
0.001285
0.001293
0.001276
0.001254
0.001259
0.001248
imagenes/shadow.jpg:
0.000420
0.000425
0.000422
0.000424
0.000414
0.000418
0.000417
0.000414
0.000416
0.000425
0.000415
0.000414
0.000409
0.000413
0.000417
0.000421
0.000421
0.000417
0.000416
0.000419
imagenes/montanna.jpg:
0.012106
0.011744
0.011949
0.011986
0.011948
0.011837
0.011646
0.012247
0.012188
0.011718
0.011759
0.011854
0.011889
0.011860
0.012180
0.011999
0.011926
0.012108
0.011963
0.012001
imagenes/mago.jpg:
0.000417
0.000422
0.000432
0.000429
0.000434
0.000432
0.000414
0.000422
0.000428
0.000422
0.000423
0.000422
0.000426
0.000432
0.000415
0.000420
0.000414
0.000427
0.000430
0.000416
imagenes/lenna.png:
0.000223
0.000216
0.000224
0.000218
0.000223
0.000229
0.000217
0.000227
0.000228
0.000216
0.000216
0.000224
0.000222
0.000223
0.000214
0.000227
0.000228
0.000223
0.000226
0.000226
imagenes/kafra.jpg:
0.000422
0.000429
0.000424
0.000420
0.000416
0.000425
0.000421
0.000420
0.000420
0.000423
0.000427
0.000427
0.000418
0.000417
0.000428
0.000420
0.000415
0.000426
0.000427
0.000413
imagenes/gatos.jpg:
0.000882
0.000881
0.000883
0.000889
0.000875
0.000870
0.000871
0.000866
0.000896
0.000880
0.000867
0.000886
0.000885
0.000875
0.000883
0.000869
0.000892
0.000868
0.000886
0.000879
imagenes/elefante.jpg:
0.001271
0.001259
0.001257
0.001260
0.001244
0.001254
0.001299
0.001255
0.001279
0.001286
0.001246
0.001254
0.001255
0.001253
0.001265
0.001256
0.001255
0.001249
0.001252
0.001258
imagenes/ciudad.jpg:
0.001118
0.001087
0.001084
0.001104
0.001117
0.001068
0.001090
0.001109
0.001080
0.001075
0.001099
0.001112
0.001111
0.001105
0.001100
0.001114
0.001108
0.001082
0.001075
0.001084
imagenes/chica.jpg:
0.002689
0.002451
0.002683
0.002426
0.002770
0.002398
0.002454
0.002763
0.002694
0.002469
0.002415
0.002438
0.002773
0.002481
0.002690
0.002412
0.002773
0.002430
0.002452
0.002395
